epoch,train-acc,train-loss,valid-acc,valid-loss,valid-precision,valid-recall,valid-f1.0-score,valid-f0.5-score,valid-tp,valid-fp,valid-fn,valid-tn,test-acc,test-loss,test-precision,test-recall,test-f1.0-score,test-f0.5-score,test-tp,test-fp,test-fn,test-tn

a, with oversampling
8963,0.828125,0.38041326,0.7791666388511658,0.4326719343662262,0.8457142857142858,0.8505747126436781,0.848137535816619,0.8466819221967964,148,27,26,39,0.7666666507720947,0.458589643239975,0.8592964824120602,0.8028169014084507,0.8300970873786407,0.8473736372646185,171,28,42,59

a, without oversampling
9582,0.859375,0.34149075,0.8166666626930237,0.4576517641544342,0.8282828282828283,0.9425287356321839,0.8817204301075269,0.8488612836438924,164,34,10,32,0.7433333396911621,0.4749773144721985,0.7764227642276422,0.8967136150234741,0.8322440087145969,0.7978279030910609,191,55,22,32

h, with oversampling
9385,0.75,0.4083117,0.7791666388511658,0.41782692074775696,0.8324324324324325,0.875,0.8531855955678671,0.8406113537117904,154,31,22,33,0.7699999809265137,0.5458997488021851,0.8348214285714286,0.8538812785388128,0.8442437923250564,0.8385650224215246,187,37,32,44

h, without oversampling
7094,0.828125,0.3825527,0.8083333373069763,0.43965113162994385,0.8282828282828283,0.9318181818181818,0.8770053475935828,0.847107438016529,164,34,12,30,0.7566666603088379,0.5036432147026062,0.7829457364341085,0.9223744292237442,0.8469601677148846,0.8073541167066346,202,56,17,25

v, with oversampling
3211,0.796875,0.4673076,0.9125000238418579,0.18219450116157532,0.9519230769230769,0.9473684210526315,0.9496402877697842,0.951008645533141,198,10,11,21,0.8999999761581421,0.2626536786556244,0.9461538461538461,0.9389312977099237,0.9425287356321839,0.9447004608294931,246,14,16,24

v, without oversampling
9781,0.953125,0.17367013,0.9208333492279053,0.17690454423427582,0.9481132075471698,0.9617224880382775,0.9548693586698338,0.9508041627246924,201,11,8,20,0.9133333563804626,0.2600162625312805,0.943609022556391,0.9580152671755725,0.9507575757575758,0.9464555052790347,251,15,11,23
